<?xml version="1.0" encoding="utf-8" standalone="no"?>
<!DOCTYPE svg PUBLIC "-//W3C//DTD SVG 1.1//EN"
  "http://www.w3.org/Graphics/SVG/1.1/DTD/svg11.dtd">
<svg xmlns:xlink="http://www.w3.org/1999/xlink" width="712.8pt" height="203.381719pt" viewBox="0 0 712.8 203.381719" xmlns="http://www.w3.org/2000/svg" version="1.1">
 <metadata>
  <rdf:RDF xmlns:dc="http://purl.org/dc/elements/1.1/" xmlns:cc="http://creativecommons.org/ns#" xmlns:rdf="http://www.w3.org/1999/02/22-rdf-syntax-ns#">
   <cc:Work>
    <dc:type rdf:resource="http://purl.org/dc/dcmitype/StillImage"/>
    <dc:format>image/svg+xml</dc:format>
    <dc:creator>
     <cc:Agent>
      <dc:title>Matplotlib v3.11.0, https://matplotlib.org/</dc:title>
     </cc:Agent>
    </dc:creator>
   </cc:Work>
  </rdf:RDF>
 </metadata>
 <defs>
  <style type="text/css">*{stroke-linejoin: round; stroke-linecap: butt}</style>
 </defs>
 <g id="figure_1">
  <g id="patch_1">
   <path d="M 0 203.381719 
L 712.8 203.381719 
L 712.8 0 
L 0 0 
z
" style="fill: #ffffff"/>
  </g>
  <g id="axes_1">
   <g id="patch_2">
    <path d="M 173.7 112.931719 
C 173.7 101.999429 171.546577 91.173442 167.362971 81.073323 
C 163.179365 70.973204 157.046936 61.795375 149.31664 54.065079 
C 141.586343 46.334783 132.408515 40.202354 122.308396 36.018748 
C 112.208277 31.835141 101.38229 29.681719 90.45 29.681719 
C 79.51771 29.681719 68.691723 31.835141 58.591604 36.018748 
C 48.491485 40.202354 39.313657 46.334783 31.58336 54.065079 
C 23.853064 61.795375 17.720635 70.973204 13.537029 81.073323 
C 9.353423 91.173442 7.2 101.999429 7.2 112.931719 
C 7.2 123.864009 9.353423 134.689996 13.537029 144.790114 
C 17.720635 154.890233 23.853064 164.068062 31.58336 171.798358 
C 39.313657 179.528655 48.491485 185.661084 58.591604 189.84469 
C 68.691723 194.028296 79.51771 196.181719 90.45 196.181719 
C 101.38229 196.181719 112.208277 194.028296 122.308396 189.84469 
C 132.408515 185.661084 141.586343 179.528655 149.31664 171.798358 
C 157.046936 164.068062 163.179365 154.890233 167.362971 144.790114 
C 171.546577 134.689996 173.7 123.864009 173.7 112.931719 
M 90.45 112.931719 
C 90.45 112.931719 90.45 112.931719 90.45 112.931719 
C 90.45 112.931719 90.45 112.931719 90.45 112.931719 
C 90.45 112.931719 90.45 112.931719 90.45 112.931719 
C 90.45 112.931719 90.45 112.931719 90.45 112.931719 
C 90.45 112.931719 90.45 112.931719 90.45 112.931719 
C 90.45 112.931719 90.45 112.931719 90.45 112.931719 
C 90.45 112.931719 90.45 112.931719 90.45 112.931719 
C 90.45 112.931719 90.45 112.931719 90.45 112.931719 
C 90.45 112.931719 90.45 112.931719 90.45 112.931719 
C 90.45 112.931719 90.45 112.931719 90.45 112.931719 
C 90.45 112.931719 90.45 112.931719 90.45 112.931719 
C 90.45 112.931719 90.45 112.931719 90.45 112.931719 
C 90.45 112.931719 90.45 112.931719 90.45 112.931719 
C 90.45 112.931719 90.45 112.931719 90.45 112.931719 
C 90.45 112.931719 90.45 112.931719 90.45 112.931719 
C 90.45 112.931719 90.45 112.931719 90.45 112.931719 
z
" style="fill: #ffffff"/>
   </g>
   <g id="matplotlib.axis_1"/>
   <g id="matplotlib.axis_2"/>
   <g id="line2d_1">
    <path d="M 90.45 188.613537 
L 94.41088 188.509818 
L 98.360904 188.198944 
L 102.289245 187.681768 
L 106.185135 186.959708 
L 110.037896 186.034742 
L 113.836968 184.909405 
L 117.571938 183.586783 
L 121.232569 182.0705 
L 124.808826 180.364713 
L 128.290909 178.474096 
L 131.669272 176.403832 
L 134.934657 174.159596 
L 138.078111 171.747538 
L 141.091021 169.17427 
L 143.965127 166.446846 
L 146.692552 163.57274 
L 149.265819 160.55983 
L 151.677877 157.416375 
L 153.922113 154.150991 
L 155.992377 150.772628 
L 157.882994 147.290545 
L 159.588781 143.714287 
L 161.105064 140.053657 
L 162.427686 136.318687 
L 163.553023 132.519615 
L 164.477989 128.666854 
L 165.200049 124.770963 
L 165.717225 120.842623 
L 166.028099 116.892599 
L 166.131818 112.931719 
L 166.028099 108.970838 
L 165.717225 105.020815 
L 165.200049 101.092474 
L 164.477989 97.196584 
L 163.553023 93.343823 
L 162.427686 89.544751 
L 161.105064 85.809781 
L 159.588781 82.14915 
L 157.882994 78.572892 
L 155.992377 75.09081 
L 153.922113 71.712446 
L 151.677877 68.447062 
L 149.265819 65.303607 
L 146.692552 62.290698 
L 143.965127 59.416592 
L 141.091021 56.689167 
L 138.078111 54.115899 
L 134.934657 51.703842 
L 131.669272 49.459605 
L 128.290909 47.389342 
L 124.808826 45.498725 
L 121.232569 43.792938 
L 117.571938 42.276655 
L 113.836968 40.954032 
L 110.037896 39.828696 
L 106.185135 38.90373 
L 102.289245 38.181669 
L 98.360904 37.664493 
L 94.41088 37.35362 
L 90.45 37.249901 
L 86.48912 37.35362 
L 82.539096 37.664493 
L 78.610755 38.181669 
L 74.714865 38.90373 
L 70.862104 39.828696 
L 67.063032 40.954032 
L 63.328062 42.276655 
L 59.667431 43.792938 
L 56.091174 45.498725 
L 52.609091 47.389342 
L 49.230728 49.459605 
L 45.965343 51.703842 
L 42.821889 54.115899 
L 39.808979 56.689167 
L 36.934873 59.416592 
L 34.207448 62.290698 
L 31.634181 65.303607 
L 29.222123 68.447062 
L 26.977887 71.712446 
L 24.907623 75.09081 
L 23.017006 78.572892 
L 21.311219 82.14915 
L 19.794936 85.809781 
L 18.472314 89.544751 
L 17.346977 93.343823 
L 16.422011 97.196584 
L 15.699951 101.092474 
L 15.182775 105.020815 
L 14.871901 108.970838 
L 14.768182 112.931719 
L 14.871901 116.892599 
L 15.182775 120.842623 
L 15.699951 124.770963 
L 16.422011 128.666854 
L 17.346977 132.519615 
L 18.472314 136.318687 
L 19.794936 140.053657 
L 21.311219 143.714287 
L 23.017006 147.290545 
L 24.907623 150.772628 
L 26.977887 154.150991 
L 29.222123 157.416375 
L 31.634181 160.55983 
L 34.207448 163.57274 
L 36.934873 166.446846 
L 39.808979 169.17427 
L 42.821889 171.747538 
L 45.965343 174.159596 
L 49.230728 176.403832 
L 52.609091 178.474096 
L 56.091174 180.364713 
L 59.667431 182.0705 
L 63.328062 183.586783 
L 67.063032 184.909405 
L 70.862104 186.034742 
L 74.714865 186.959708 
L 78.610755 187.681768 
L 82.539096 188.198944 
L 86.48912 188.509818 
L 90.45 188.613537 
L 90.45 188.613537 
" clip-path="url(#p265a394ba2)" style="fill: none; stroke: #4269d0; stroke-width: 1.8; stroke-linecap: square"/>
   </g>
   <g id="line2d_2">
    <path d="M 0 0 
" clip-path="url(#p265a394ba2)" style="fill: none; stroke-dasharray: 5.18,2.24; stroke-dashoffset: 0; stroke: #4269d0; stroke-width: 1.4"/>
   </g>
   <g id="patch_3">
    <path d="M 90.45 29.681719 
C 79.51771 29.681719 68.691723 31.835141 58.591604 36.018748 
C 48.491485 40.202354 39.313657 46.334783 31.58336 54.065079 
C 23.853064 61.795375 17.720635 70.973204 13.537029 81.073323 
C 9.353423 91.173442 7.2 101.999429 7.2 112.931719 
C 7.2 123.864009 9.353423 134.689996 13.537029 144.790114 
C 17.720635 154.890233 23.853064 164.068062 31.58336 171.798358 
C 39.313657 179.528655 48.491485 185.661084 58.591604 189.84469 
C 68.691723 194.028296 79.51771 196.181719 90.45 196.181719 
C 101.38229 196.181719 112.208277 194.028296 122.308396 189.84469 
C 132.408515 185.661084 141.586343 179.528655 149.31664 171.798358 
C 157.046936 164.068062 163.179365 154.890233 167.362971 144.790114 
C 171.546577 134.689996 173.7 123.864009 173.7 112.931719 
C 173.7 101.999429 171.546577 91.173442 167.362971 81.073323 
C 163.179365 70.973204 157.046936 61.795375 149.31664 54.065079 
C 141.586343 46.334783 132.408515 40.202354 122.308396 36.018748 
C 112.208277 31.835141 101.38229 29.681719 90.45 29.681719 
" style="fill: none; stroke: #000000; stroke-width: 0.8; stroke-linejoin: miter; stroke-linecap: square"/>
   </g>
   <g id="text_1">
    <!-- W — omni (ACN 0) -->
    <g transform="translate(53.301875 14.079531) scale(0.08 -0.08)">
     <defs>
      <path id="DejaVuSans-3a" d="M 213 4666 
L 850 4666 
L 1831 722 
L 2809 4666 
L 3519 4666 
L 4500 722 
L 5478 4666 
L 6119 4666 
L 4947 0 
L 4153 0 
L 3169 4050 
L 2175 0 
L 1381 0 
L 213 4666 
z
" transform="scale(0.015625)"/>
      <path id="DejaVuSans-3" transform="scale(0.015625)"/>
      <path id="DejaVuSans-af6" d="M 313 1978 
L 6088 1978 
L 6088 1528 
L 313 1528 
L 313 1978 
z
" transform="scale(0.015625)"/>
      <path id="DejaVuSans-52" d="M 1959 3097 
Q 1497 3097 1228 2736 
Q 959 2375 959 1747 
Q 959 1119 1226 758 
Q 1494 397 1959 397 
Q 2419 397 2687 759 
Q 2956 1122 2956 1747 
Q 2956 2369 2687 2733 
Q 2419 3097 1959 3097 
z
M 1959 3584 
Q 2709 3584 3137 3096 
Q 3566 2609 3566 1747 
Q 3566 888 3137 398 
Q 2709 -91 1959 -91 
Q 1206 -91 779 398 
Q 353 888 353 1747 
Q 353 2609 779 3096 
Q 1206 3584 1959 3584 
z
" transform="scale(0.015625)"/>
      <path id="DejaVuSans-50" d="M 3328 2828 
Q 3544 3216 3844 3400 
Q 4144 3584 4550 3584 
Q 5097 3584 5394 3201 
Q 5691 2819 5691 2113 
L 5691 0 
L 5113 0 
L 5113 2094 
Q 5113 2597 4934 2840 
Q 4756 3084 4391 3084 
Q 3944 3084 3684 2787 
Q 3425 2491 3425 1978 
L 3425 0 
L 2847 0 
L 2847 2094 
Q 2847 2600 2669 2842 
Q 2491 3084 2119 3084 
Q 1678 3084 1418 2786 
Q 1159 2488 1159 1978 
L 1159 0 
L 581 0 
L 581 3500 
L 1159 3500 
L 1159 2956 
Q 1356 3278 1631 3431 
Q 1906 3584 2284 3584 
Q 2666 3584 2933 3390 
Q 3200 3197 3328 2828 
z
" transform="scale(0.015625)"/>
      <path id="DejaVuSans-51" d="M 3513 2113 
L 3513 0 
L 2938 0 
L 2938 2094 
Q 2938 2591 2744 2837 
Q 2550 3084 2163 3084 
Q 1697 3084 1428 2787 
Q 1159 2491 1159 1978 
L 1159 0 
L 581 0 
L 581 3500 
L 1159 3500 
L 1159 2956 
Q 1366 3272 1645 3428 
Q 1925 3584 2291 3584 
Q 2894 3584 3203 3211 
Q 3513 2838 3513 2113 
z
" transform="scale(0.015625)"/>
      <path id="DejaVuSans-4c" d="M 603 3500 
L 1178 3500 
L 1178 0 
L 603 0 
L 603 3500 
z
M 603 4863 
L 1178 4863 
L 1178 4134 
L 603 4134 
L 603 4863 
z
" transform="scale(0.015625)"/>
      <path id="DejaVuSans-b" d="M 1984 4856 
Q 1566 4138 1362 3434 
Q 1159 2731 1159 2009 
Q 1159 1288 1364 580 
Q 1569 -128 1984 -844 
L 1484 -844 
Q 1016 -109 783 600 
Q 550 1309 550 2009 
Q 550 2706 781 3412 
Q 1013 4119 1484 4856 
L 1984 4856 
z
" transform="scale(0.015625)"/>
      <path id="DejaVuSans-24" d="M 2188 4044 
L 1331 1722 
L 3047 1722 
L 2188 4044 
z
M 1831 4666 
L 2547 4666 
L 4325 0 
L 3669 0 
L 3244 1197 
L 1141 1197 
L 716 0 
L 50 0 
L 1831 4666 
z
" transform="scale(0.015625)"/>
      <path id="DejaVuSans-26" d="M 4122 4306 
L 4122 3641 
Q 3803 3938 3442 4084 
Q 3081 4231 2675 4231 
Q 1875 4231 1450 3742 
Q 1025 3253 1025 2328 
Q 1025 1406 1450 917 
Q 1875 428 2675 428 
Q 3081 428 3442 575 
Q 3803 722 4122 1019 
L 4122 359 
Q 3791 134 3420 21 
Q 3050 -91 2638 -91 
Q 1578 -91 968 557 
Q 359 1206 359 2328 
Q 359 3453 968 4101 
Q 1578 4750 2638 4750 
Q 3056 4750 3426 4639 
Q 3797 4528 4122 4306 
z
" transform="scale(0.015625)"/>
      <path id="DejaVuSans-31" d="M 628 4666 
L 1478 4666 
L 3547 763 
L 3547 4666 
L 4159 4666 
L 4159 0 
L 3309 0 
L 1241 3903 
L 1241 0 
L 628 0 
L 628 4666 
z
" transform="scale(0.015625)"/>
      <path id="DejaVuSans-13" d="M 2034 4250 
Q 1547 4250 1301 3770 
Q 1056 3291 1056 2328 
Q 1056 1369 1301 889 
Q 1547 409 2034 409 
Q 2525 409 2770 889 
Q 3016 1369 3016 2328 
Q 3016 3291 2770 3770 
Q 2525 4250 2034 4250 
z
M 2034 4750 
Q 2819 4750 3233 4129 
Q 3647 3509 3647 2328 
Q 3647 1150 3233 529 
Q 2819 -91 2034 -91 
Q 1250 -91 836 529 
Q 422 1150 422 2328 
Q 422 3509 836 4129 
Q 1250 4750 2034 4750 
z
" transform="scale(0.015625)"/>
      <path id="DejaVuSans-c" d="M 513 4856 
L 1013 4856 
Q 1481 4119 1714 3412 
Q 1947 2706 1947 2009 
Q 1947 1309 1714 600 
Q 1481 -109 1013 -844 
L 513 -844 
Q 928 -128 1133 580 
Q 1338 1288 1338 2009 
Q 1338 2731 1133 3434 
Q 928 4138 513 4856 
z
" transform="scale(0.015625)"/>
     </defs>
     <use xlink:href="#DejaVuSans-3a"/>
     <use xlink:href="#DejaVuSans-3" transform="translate(98.875 0)"/>
     <use xlink:href="#DejaVuSans-af6" transform="translate(130.65625 0)"/>
     <use xlink:href="#DejaVuSans-3" transform="translate(230.65625 0)"/>
     <use xlink:href="#DejaVuSans-52" transform="translate(262.4375 0)"/>
     <use xlink:href="#DejaVuSans-50" transform="translate(323.625 0)"/>
     <use xlink:href="#DejaVuSans-51" transform="translate(421.03125 0)"/>
     <use xlink:href="#DejaVuSans-4c" transform="translate(484.40625 0)"/>
     <use xlink:href="#DejaVuSans-3" transform="translate(512.1875 0)"/>
     <use xlink:href="#DejaVuSans-b" transform="translate(543.96875 0)"/>
     <use xlink:href="#DejaVuSans-24" transform="translate(582.984375 0)"/>
     <use xlink:href="#DejaVuSans-26" transform="translate(649.640625 0)"/>
     <use xlink:href="#DejaVuSans-31" transform="translate(719.46875 0)"/>
     <use xlink:href="#DejaVuSans-3" transform="translate(794.28125 0)"/>
     <use xlink:href="#DejaVuSans-13" transform="translate(826.0625 0)"/>
     <use xlink:href="#DejaVuSans-c" transform="translate(889.6875 0)"/>
    </g>
    <!-- front up -->
    <g transform="translate(74.589375 23.681719) scale(0.08 -0.08)">
     <defs>
      <path id="DejaVuSans-49" d="M 2375 4863 
L 2375 4384 
L 1825 4384 
Q 1516 4384 1395 4259 
Q 1275 4134 1275 3809 
L 1275 3500 
L 2222 3500 
L 2222 3053 
L 1275 3053 
L 1275 0 
L 697 0 
L 697 3053 
L 147 3053 
L 147 3500 
L 697 3500 
L 697 3744 
Q 697 4328 969 4595 
Q 1241 4863 1831 4863 
L 2375 4863 
z
" transform="scale(0.015625)"/>
      <path id="DejaVuSans-55" d="M 2631 2963 
Q 2534 3019 2420 3045 
Q 2306 3072 2169 3072 
Q 1681 3072 1420 2755 
Q 1159 2438 1159 1844 
L 1159 0 
L 581 0 
L 581 3500 
L 1159 3500 
L 1159 2956 
Q 1341 3275 1631 3429 
Q 1922 3584 2338 3584 
Q 2397 3584 2469 3576 
Q 2541 3569 2628 3553 
L 2631 2963 
z
" transform="scale(0.015625)"/>
      <path id="DejaVuSans-57" d="M 1172 4494 
L 1172 3500 
L 2356 3500 
L 2356 3053 
L 1172 3053 
L 1172 1153 
Q 1172 725 1289 603 
Q 1406 481 1766 481 
L 2356 481 
L 2356 0 
L 1766 0 
Q 1100 0 847 248 
Q 594 497 594 1153 
L 594 3053 
L 172 3053 
L 172 3500 
L 594 3500 
L 594 4494 
L 1172 4494 
z
" transform="scale(0.015625)"/>
      <path id="DejaVuSans-58" d="M 544 1381 
L 544 3500 
L 1119 3500 
L 1119 1403 
Q 1119 906 1312 657 
Q 1506 409 1894 409 
Q 2359 409 2629 706 
Q 2900 1003 2900 1516 
L 2900 3500 
L 3475 3500 
L 3475 0 
L 2900 0 
L 2900 538 
Q 2691 219 2414 64 
Q 2138 -91 1772 -91 
Q 1169 -91 856 284 
Q 544 659 544 1381 
z
M 1991 3584 
L 1991 3584 
z
" transform="scale(0.015625)"/>
      <path id="DejaVuSans-53" d="M 1159 525 
L 1159 -1331 
L 581 -1331 
L 581 3500 
L 1159 3500 
L 1159 2969 
Q 1341 3281 1617 3432 
Q 1894 3584 2278 3584 
Q 2916 3584 3314 3078 
Q 3713 2572 3713 1747 
Q 3713 922 3314 415 
Q 2916 -91 2278 -91 
Q 1894 -91 1617 61 
Q 1341 213 1159 525 
z
M 3116 1747 
Q 3116 2381 2855 2742 
Q 2594 3103 2138 3103 
Q 1681 3103 1420 2742 
Q 1159 2381 1159 1747 
Q 1159 1113 1420 752 
Q 1681 391 2138 391 
Q 2594 391 2855 752 
Q 3116 1113 3116 1747 
z
" transform="scale(0.015625)"/>
     </defs>
     <use xlink:href="#DejaVuSans-49"/>
     <use xlink:href="#DejaVuSans-55" transform="translate(35.203125 0)"/>
     <use xlink:href="#DejaVuSans-52" transform="translate(74.109375 0)"/>
     <use xlink:href="#DejaVuSans-51" transform="translate(135.296875 0)"/>
     <use xlink:href="#DejaVuSans-57" transform="translate(198.671875 0)"/>
     <use xlink:href="#DejaVuSans-3" transform="translate(237.875 0)"/>
     <use xlink:href="#DejaVuSans-58" transform="translate(269.65625 0)"/>
     <use xlink:href="#DejaVuSans-53" transform="translate(333.03125 0)"/>
    </g>
   </g>
  </g>
  <g id="axes_2">
   <g id="patch_4">
    <path d="M 351 112.931719 
C 351 101.999429 348.846577 91.173442 344.662971 81.073323 
C 340.479365 70.973204 334.346936 61.795375 326.61664 54.065079 
C 318.886343 46.334783 309.708515 40.202354 299.608396 36.018748 
C 289.508277 31.835141 278.68229 29.681719 267.75 29.681719 
C 256.81771 29.681719 245.991723 31.835141 235.891604 36.018748 
C 225.791485 40.202354 216.613657 46.334783 208.88336 54.065079 
C 201.153064 61.795375 195.020635 70.973204 190.837029 81.073323 
C 186.653423 91.173442 184.5 101.999429 184.5 112.931719 
C 184.5 123.864009 186.653423 134.689996 190.837029 144.790114 
C 195.020635 154.890233 201.153064 164.068062 208.88336 171.798358 
C 216.613657 179.528655 225.791485 185.661084 235.891604 189.84469 
C 245.991723 194.028296 256.81771 196.181719 267.75 196.181719 
C 278.68229 196.181719 289.508277 194.028296 299.608396 189.84469 
C 309.708515 185.661084 318.886343 179.528655 326.61664 171.798358 
C 334.346936 164.068062 340.479365 154.890233 344.662971 144.790114 
C 348.846577 134.689996 351 123.864009 351 112.931719 
M 267.75 112.931719 
C 267.75 112.931719 267.75 112.931719 267.75 112.931719 
C 267.75 112.931719 267.75 112.931719 267.75 112.931719 
C 267.75 112.931719 267.75 112.931719 267.75 112.931719 
C 267.75 112.931719 267.75 112.931719 267.75 112.931719 
C 267.75 112.931719 267.75 112.931719 267.75 112.931719 
C 267.75 112.931719 267.75 112.931719 267.75 112.931719 
C 267.75 112.931719 267.75 112.931719 267.75 112.931719 
C 267.75 112.931719 267.75 112.931719 267.75 112.931719 
C 267.75 112.931719 267.75 112.931719 267.75 112.931719 
C 267.75 112.931719 267.75 112.931719 267.75 112.931719 
C 267.75 112.931719 267.75 112.931719 267.75 112.931719 
C 267.75 112.931719 267.75 112.931719 267.75 112.931719 
C 267.75 112.931719 267.75 112.931719 267.75 112.931719 
C 267.75 112.931719 267.75 112.931719 267.75 112.931719 
C 267.75 112.931719 267.75 112.931719 267.75 112.931719 
C 267.75 112.931719 267.75 112.931719 267.75 112.931719 
z
" style="fill: #ffffff"/>
   </g>
   <g id="matplotlib.axis_3"/>
   <g id="matplotlib.axis_4"/>
   <g id="line2d_3">
    <path d="M 267.75 112.931719 
L 267.657821 110.29207 
L 267.381735 107.665282 
L 266.923085 105.064151 
L 266.284107 102.50135 
L 265.467914 99.989366 
L 264.478481 97.540434 
L 263.32063 95.166488 
L 262.000002 92.879092 
L 260.523029 90.68939 
L 258.89691 88.608053 
L 257.129562 86.645213 
L 255.229601 84.810443 
L 253.206281 83.112675 
L 251.069458 81.560183 
L 248.829545 80.16053 
L 246.497454 78.920535 
L 244.084545 77.846239 
L 241.602575 76.942876 
L 239.063634 76.214845 
L 236.480097 75.6657 
L 233.864542 75.298105 
L 231.229718 75.11386 
L 228.588463 75.113862 
L 225.953636 75.298104 
L 223.338086 75.665698 
L 220.754549 76.214848 
L 218.215606 76.942875 
L 215.733638 77.84624 
L 213.320729 78.920535 
L 210.988633 80.160529 
L 208.748725 81.560184 
L 206.6119 83.112675 
L 204.588578 84.810442 
L 202.688618 86.645214 
L 200.921273 88.608051 
L 199.295151 90.68939 
L 197.81818 92.879092 
L 196.497551 95.166488 
L 195.339698 97.540434 
L 194.35027 99.989366 
L 193.534076 102.501351 
L 192.895095 105.064151 
L 192.436445 107.665282 
L 192.160359 110.29207 
L 192.068182 112.931719 
L 192.160359 115.571367 
L 192.436445 118.198156 
L 192.895095 120.799286 
L 193.534076 123.362087 
L 194.35027 125.874072 
L 195.339703 128.323003 
L 196.497551 130.696949 
L 197.81818 132.984345 
L 199.295155 135.174046 
L 200.921273 137.255386 
L 202.688618 139.218223 
L 204.588582 141.052994 
L 206.6119 142.750762 
L 208.748725 144.303253 
L 210.988637 145.702907 
L 213.320732 146.9429 
L 215.733635 148.0172 
L 218.215606 148.920562 
L 220.754545 149.648592 
L 223.338086 150.197739 
L 225.95364 150.565331 
L 228.588466 150.749572 
L 231.229715 150.749581 
L 233.864542 150.565332 
L 236.480095 150.197741 
L 239.063637 149.648589 
L 241.602578 148.920558 
L 244.084548 148.017194 
L 246.497451 146.942907 
L 248.829543 145.702911 
L 251.069458 144.303255 
L 253.206282 142.75076 
L 255.229603 141.05299 
L 257.129566 139.218216 
L 258.896907 137.255391 
L 260.523029 135.17405 
L 262.000002 132.984346 
L 263.320631 130.696947 
L 264.478483 128.322997 
L 265.467912 125.874081 
L 266.284107 123.362093 
L 266.923085 120.799288 
L 267.381735 118.198155 
L 267.657822 115.571364 
L 267.744237 113.592141 
L 267.744237 113.592141 
" clip-path="url(#pb5654a72bc)" style="fill: none; stroke: #efb118; stroke-width: 1.8; stroke-linecap: square"/>
   </g>
   <g id="line2d_4">
    <path d="M 267.755763 113.592141 
L 267.893996 116.229764 
L 268.215884 118.851337 
L 268.71986 121.44407 
L 269.403468 123.995331 
L 270.263378 126.492693 
L 271.2954 128.923986 
L 272.494503 131.277349 
L 273.854851 133.541352 
L 275.369815 135.704945 
L 277.032013 137.757591 
L 278.833347 139.689286 
L 280.765043 141.490623 
L 282.817679 143.152808 
L 284.981272 144.667773 
L 287.245273 146.028125 
L 289.598651 147.227231 
L 292.029943 148.259255 
L 294.527302 149.119166 
L 297.078555 149.802766 
L 299.671286 150.306743 
L 302.292857 150.628632 
L 304.930497 150.766867 
L 307.571351 150.72077 
L 310.202553 150.490565 
L 312.811294 150.077383 
L 315.384856 149.483229 
L 317.910704 148.711001 
L 320.376532 147.76446 
L 322.770325 146.648217 
L 325.080416 145.367708 
L 327.295562 143.929176 
L 329.404964 142.339628 
L 331.398347 140.606808 
L 333.266 138.739158 
L 334.998819 136.745775 
L 336.588366 134.636372 
L 338.026902 132.421229 
L 339.307405 130.111132 
L 340.423652 127.71734 
L 341.370189 125.251513 
L 342.142422 122.725667 
L 342.736574 120.152105 
L 343.149757 117.543365 
L 343.379959 114.912159 
L 343.426054 112.271304 
L 343.287823 109.633666 
L 342.965932 107.012097 
L 342.46196 104.419366 
L 341.778351 101.868107 
L 340.918441 99.37075 
L 339.88642 96.93946 
L 338.687314 94.586082 
L 337.326967 92.322082 
L 335.812004 90.158491 
L 334.149807 88.105848 
L 332.348471 86.174156 
L 330.41678 84.372822 
L 328.364136 82.710625 
L 326.200547 81.195661 
L 323.936544 79.835315 
L 321.58317 78.636207 
L 319.151878 77.604187 
L 316.65452 76.744278 
L 314.103261 76.06067 
L 311.510531 75.556694 
L 308.888961 75.234806 
L 306.251325 75.096573 
L 303.610468 75.142671 
L 300.979263 75.372869 
L 298.370524 75.786053 
L 295.796961 76.380207 
L 293.271114 77.152436 
L 290.805288 78.098978 
L 288.411495 79.215223 
L 286.1014 80.495729 
L 283.886255 81.934262 
L 281.776854 83.523808 
L 279.783472 85.256629 
L 277.91582 87.124282 
L 276.183 89.117662 
L 274.593451 91.227066 
L 273.154919 93.44221 
L 271.874412 95.752305 
L 270.758168 98.146098 
L 269.811627 100.611924 
L 269.039398 103.13777 
L 268.445244 105.711333 
L 268.03206 108.320072 
L 267.80186 110.951278 
L 267.755763 112.271304 
M 267.75 112.931725 
" clip-path="url(#pb5654a72bc)" style="fill: none; stroke-dasharray: 5.18,2.24; stroke-dashoffset: 0; stroke: #efb118; stroke-width: 1.4"/>
   </g>
   <g id="patch_5">
    <path d="M 267.75 29.681719 
C 256.81771 29.681719 245.991723 31.835141 235.891604 36.018748 
C 225.791485 40.202354 216.613657 46.334783 208.88336 54.065079 
C 201.153064 61.795375 195.020635 70.973204 190.837029 81.073323 
C 186.653423 91.173442 184.5 101.999429 184.5 112.931719 
C 184.5 123.864009 186.653423 134.689996 190.837029 144.790114 
C 195.020635 154.890233 201.153064 164.068062 208.88336 171.798358 
C 216.613657 179.528655 225.791485 185.661084 235.891604 189.84469 
C 245.991723 194.028296 256.81771 196.181719 267.75 196.181719 
C 278.68229 196.181719 289.508277 194.028296 299.608396 189.84469 
C 309.708515 185.661084 318.886343 179.528655 326.61664 171.798358 
C 334.346936 164.068062 340.479365 154.890233 344.662971 144.790114 
C 348.846577 134.689996 351 123.864009 351 112.931719 
C 351 101.999429 348.846577 91.173442 344.662971 81.073323 
C 340.479365 70.973204 334.346936 61.795375 326.61664 54.065079 
C 318.886343 46.334783 309.708515 40.202354 299.608396 36.018748 
C 289.508277 31.835141 278.68229 29.681719 267.75 29.681719 
" style="fill: none; stroke: #000000; stroke-width: 0.8; stroke-linejoin: miter; stroke-linecap: square"/>
   </g>
   <g id="text_2">
    <!-- Y — left/right (ACN 1) -->
    <g transform="translate(224.879375 14.079531) scale(0.08 -0.08)">
     <defs>
      <path id="DejaVuSans-3c" d="M -13 4666 
L 666 4666 
L 1959 2747 
L 3244 4666 
L 3922 4666 
L 2272 2222 
L 2272 0 
L 1638 0 
L 1638 2222 
L -13 4666 
z
" transform="scale(0.015625)"/>
      <path id="DejaVuSans-4f" d="M 603 4863 
L 1178 4863 
L 1178 0 
L 603 0 
L 603 4863 
z
" transform="scale(0.015625)"/>
      <path id="DejaVuSans-48" d="M 3597 1894 
L 3597 1613 
L 953 1613 
Q 991 1019 1311 708 
Q 1631 397 2203 397 
Q 2534 397 2845 478 
Q 3156 559 3463 722 
L 3463 178 
Q 3153 47 2828 -22 
Q 2503 -91 2169 -91 
Q 1331 -91 842 396 
Q 353 884 353 1716 
Q 353 2575 817 3079 
Q 1281 3584 2069 3584 
Q 2775 3584 3186 3129 
Q 3597 2675 3597 1894 
z
M 3022 2063 
Q 3016 2534 2758 2815 
Q 2500 3097 2075 3097 
Q 1594 3097 1305 2825 
Q 1016 2553 972 2059 
L 3022 2063 
z
" transform="scale(0.015625)"/>
      <path id="DejaVuSans-12" d="M 1625 4666 
L 2156 4666 
L 531 -594 
L 0 -594 
L 1625 4666 
z
" transform="scale(0.015625)"/>
      <path id="DejaVuSans-4a" d="M 2906 1791 
Q 2906 2416 2648 2759 
Q 2391 3103 1925 3103 
Q 1463 3103 1205 2759 
Q 947 2416 947 1791 
Q 947 1169 1205 825 
Q 1463 481 1925 481 
Q 2391 481 2648 825 
Q 2906 1169 2906 1791 
z
M 3481 434 
Q 3481 -459 3084 -895 
Q 2688 -1331 1869 -1331 
Q 1566 -1331 1297 -1286 
Q 1028 -1241 775 -1147 
L 775 -588 
Q 1028 -725 1275 -790 
Q 1522 -856 1778 -856 
Q 2344 -856 2625 -561 
Q 2906 -266 2906 331 
L 2906 616 
Q 2728 306 2450 153 
Q 2172 0 1784 0 
Q 1141 0 747 490 
Q 353 981 353 1791 
Q 353 2603 747 3093 
Q 1141 3584 1784 3584 
Q 2172 3584 2450 3431 
Q 2728 3278 2906 2969 
L 2906 3500 
L 3481 3500 
L 3481 434 
z
" transform="scale(0.015625)"/>
      <path id="DejaVuSans-4b" d="M 3513 2113 
L 3513 0 
L 2938 0 
L 2938 2094 
Q 2938 2591 2744 2837 
Q 2550 3084 2163 3084 
Q 1697 3084 1428 2787 
Q 1159 2491 1159 1978 
L 1159 0 
L 581 0 
L 581 4863 
L 1159 4863 
L 1159 2956 
Q 1366 3272 1645 3428 
Q 1925 3584 2291 3584 
Q 2894 3584 3203 3211 
Q 3513 2838 3513 2113 
z
" transform="scale(0.015625)"/>
      <path id="DejaVuSans-14" d="M 794 531 
L 1825 531 
L 1825 4091 
L 703 3866 
L 703 4441 
L 1819 4666 
L 2450 4666 
L 2450 531 
L 3481 531 
L 3481 0 
L 794 0 
L 794 531 
z
" transform="scale(0.015625)"/>
     </defs>
     <use xlink:href="#DejaVuSans-3c"/>
     <use xlink:href="#DejaVuSans-3" transform="translate(61.078125 0)"/>
     <use xlink:href="#DejaVuSans-af6" transform="translate(92.859375 0)"/>
     <use xlink:href="#DejaVuSans-3" transform="translate(192.859375 0)"/>
     <use xlink:href="#DejaVuSans-4f" transform="translate(224.640625 0)"/>
     <use xlink:href="#DejaVuSans-48" transform="translate(252.421875 0)"/>
     <use xlink:href="#DejaVuSans-49" transform="translate(313.953125 0)"/>
     <use xlink:href="#DejaVuSans-57" transform="translate(347.40625 0)"/>
     <use xlink:href="#DejaVuSans-12" transform="translate(386.609375 0)"/>
     <use xlink:href="#DejaVuSans-55" transform="translate(420.296875 0)"/>
     <use xlink:href="#DejaVuSans-4c" transform="translate(461.40625 0)"/>
     <use xlink:href="#DejaVuSans-4a" transform="translate(489.1875 0)"/>
     <use xlink:href="#DejaVuSans-4b" transform="translate(552.671875 0)"/>
     <use xlink:href="#DejaVuSans-57" transform="translate(616.046875 0)"/>
     <use xlink:href="#DejaVuSans-3" transform="translate(655.25 0)"/>
     <use xlink:href="#DejaVuSans-b" transform="translate(687.03125 0)"/>
     <use xlink:href="#DejaVuSans-24" transform="translate(726.046875 0)"/>
     <use xlink:href="#DejaVuSans-26" transform="translate(792.703125 0)"/>
     <use xlink:href="#DejaVuSans-31" transform="translate(862.53125 0)"/>
     <use xlink:href="#DejaVuSans-3" transform="translate(937.34375 0)"/>
     <use xlink:href="#DejaVuSans-14" transform="translate(969.125 0)"/>
     <use xlink:href="#DejaVuSans-c" transform="translate(1032.75 0)"/>
    </g>
    <!-- front up -->
    <g transform="translate(251.889375 23.681719) scale(0.08 -0.08)">
     <use xlink:href="#DejaVuSans-49"/>
     <use xlink:href="#DejaVuSans-55" transform="translate(35.203125 0)"/>
     <use xlink:href="#DejaVuSans-52" transform="translate(74.109375 0)"/>
     <use xlink:href="#DejaVuSans-51" transform="translate(135.296875 0)"/>
     <use xlink:href="#DejaVuSans-57" transform="translate(198.671875 0)"/>
     <use xlink:href="#DejaVuSans-3" transform="translate(237.875 0)"/>
     <use xlink:href="#DejaVuSans-58" transform="translate(269.65625 0)"/>
     <use xlink:href="#DejaVuSans-53" transform="translate(333.03125 0)"/>
    </g>
   </g>
  </g>
  <g id="axes_3">
   <g id="patch_6">
    <path d="M 528.3 112.931719 
C 528.3 101.999429 526.146577 91.173442 521.962971 81.073323 
C 517.779365 70.973204 511.646936 61.795375 503.91664 54.065079 
C 496.186343 46.334783 487.008515 40.202354 476.908396 36.018748 
C 466.808277 31.835141 455.98229 29.681719 445.05 29.681719 
C 434.11771 29.681719 423.291723 31.835141 413.191604 36.018748 
C 403.091485 40.202354 393.913657 46.334783 386.18336 54.065079 
C 378.453064 61.795375 372.320635 70.973204 368.137029 81.073323 
C 363.953423 91.173442 361.8 101.999429 361.8 112.931719 
C 361.8 123.864009 363.953423 134.689996 368.137029 144.790114 
C 372.320635 154.890233 378.453064 164.068062 386.18336 171.798358 
C 393.913657 179.528655 403.091485 185.661084 413.191604 189.84469 
C 423.291723 194.028296 434.11771 196.181719 445.05 196.181719 
C 455.98229 196.181719 466.808277 194.028296 476.908396 189.84469 
C 487.008515 185.661084 496.186343 179.528655 503.91664 171.798358 
C 511.646936 164.068062 517.779365 154.890233 521.962971 144.790114 
C 526.146577 134.689996 528.3 123.864009 528.3 112.931719 
M 445.05 112.931719 
C 445.05 112.931719 445.05 112.931719 445.05 112.931719 
C 445.05 112.931719 445.05 112.931719 445.05 112.931719 
C 445.05 112.931719 445.05 112.931719 445.05 112.931719 
C 445.05 112.931719 445.05 112.931719 445.05 112.931719 
C 445.05 112.931719 445.05 112.931719 445.05 112.931719 
C 445.05 112.931719 445.05 112.931719 445.05 112.931719 
C 445.05 112.931719 445.05 112.931719 445.05 112.931719 
C 445.05 112.931719 445.05 112.931719 445.05 112.931719 
C 445.05 112.931719 445.05 112.931719 445.05 112.931719 
C 445.05 112.931719 445.05 112.931719 445.05 112.931719 
C 445.05 112.931719 445.05 112.931719 445.05 112.931719 
C 445.05 112.931719 445.05 112.931719 445.05 112.931719 
C 445.05 112.931719 445.05 112.931719 445.05 112.931719 
C 445.05 112.931719 445.05 112.931719 445.05 112.931719 
C 445.05 112.931719 445.05 112.931719 445.05 112.931719 
C 445.05 112.931719 445.05 112.931719 445.05 112.931719 
z
" style="fill: #ffffff"/>
   </g>
   <g id="matplotlib.axis_5"/>
   <g id="matplotlib.axis_6"/>
   <g id="line2d_5">
    <path d="M 445.05 112.931719 
L 444.957821 110.29207 
L 444.681735 107.665282 
L 444.223085 105.064151 
L 443.584107 102.50135 
L 442.767914 99.989366 
L 441.778481 97.540434 
L 440.62063 95.166488 
L 439.300002 92.879092 
L 437.823029 90.68939 
L 436.19691 88.608053 
L 434.429562 86.645213 
L 432.529601 84.810443 
L 430.506281 83.112675 
L 428.369458 81.560183 
L 426.129545 80.16053 
L 423.797454 78.920535 
L 421.384545 77.846239 
L 418.902575 76.942876 
L 416.363634 76.214845 
L 413.780097 75.6657 
L 411.164542 75.298105 
L 408.529718 75.11386 
L 405.888463 75.113862 
L 403.253636 75.298104 
L 400.638086 75.665698 
L 398.054549 76.214848 
L 395.515606 76.942875 
L 393.033638 77.84624 
L 390.620729 78.920535 
L 388.288633 80.160529 
L 386.048725 81.560184 
L 383.9119 83.112675 
L 381.888578 84.810442 
L 379.988618 86.645214 
L 378.221273 88.608051 
L 376.595151 90.68939 
L 375.11818 92.879092 
L 373.797551 95.166488 
L 372.639698 97.540434 
L 371.65027 99.989366 
L 370.834076 102.501351 
L 370.195095 105.064151 
L 369.736445 107.665282 
L 369.460359 110.29207 
L 369.368182 112.931719 
L 369.460359 115.571367 
L 369.736445 118.198156 
L 370.195095 120.799286 
L 370.834076 123.362087 
L 371.65027 125.874072 
L 372.639703 128.323003 
L 373.797551 130.696949 
L 375.11818 132.984345 
L 376.595155 135.174046 
L 378.221273 137.255386 
L 379.988618 139.218223 
L 381.888582 141.052994 
L 383.9119 142.750762 
L 386.048725 144.303253 
L 388.288637 145.702907 
L 390.620732 146.9429 
L 393.033635 148.0172 
L 395.515606 148.920562 
L 398.054545 149.648592 
L 400.638086 150.197739 
L 403.25364 150.565331 
L 405.888466 150.749572 
L 408.529715 150.749581 
L 411.164542 150.565332 
L 413.780095 150.197741 
L 416.363637 149.648589 
L 418.902578 148.920558 
L 421.384548 148.017194 
L 423.797451 146.942907 
L 426.129543 145.702911 
L 428.369458 144.303255 
L 430.506282 142.75076 
L 432.529603 141.05299 
L 434.429566 139.218216 
L 436.196907 137.255391 
L 437.823029 135.17405 
L 439.300002 132.984346 
L 440.620631 130.696947 
L 441.778483 128.322997 
L 442.767912 125.874081 
L 443.584107 123.362093 
L 444.223085 120.799288 
L 444.681735 118.198155 
L 444.957822 115.571364 
L 445.044237 113.592141 
L 445.044237 113.592141 
" clip-path="url(#p915f4c1b02)" style="fill: none; stroke: #ff725c; stroke-width: 1.8; stroke-linecap: square"/>
   </g>
   <g id="line2d_6">
    <path d="M 445.055763 113.592141 
L 445.193996 116.229764 
L 445.515884 118.851337 
L 446.01986 121.44407 
L 446.703468 123.995331 
L 447.563378 126.492693 
L 448.5954 128.923986 
L 449.794503 131.277349 
L 451.154851 133.541352 
L 452.669815 135.704945 
L 454.332013 137.757591 
L 456.133347 139.689286 
L 458.065043 141.490623 
L 460.117679 143.152808 
L 462.281272 144.667773 
L 464.545273 146.028125 
L 466.898651 147.227231 
L 469.329943 148.259255 
L 471.827302 149.119166 
L 474.378555 149.802766 
L 476.971286 150.306743 
L 479.592857 150.628632 
L 482.230497 150.766867 
L 484.871351 150.72077 
L 487.502553 150.490565 
L 490.111294 150.077383 
L 492.684856 149.483229 
L 495.210704 148.711001 
L 497.676532 147.76446 
L 500.070325 146.648217 
L 502.380416 145.367708 
L 504.595562 143.929176 
L 506.704964 142.339628 
L 508.698347 140.606808 
L 510.566 138.739158 
L 512.298819 136.745775 
L 513.888366 134.636372 
L 515.326902 132.421229 
L 516.607405 130.111132 
L 517.723652 127.71734 
L 518.670189 125.251513 
L 519.442422 122.725667 
L 520.036574 120.152105 
L 520.449757 117.543365 
L 520.679959 114.912159 
L 520.726054 112.271304 
L 520.587823 109.633666 
L 520.265932 107.012097 
L 519.76196 104.419366 
L 519.078351 101.868107 
L 518.218441 99.37075 
L 517.18642 96.93946 
L 515.987314 94.586082 
L 514.626967 92.322082 
L 513.112004 90.158491 
L 511.449807 88.105848 
L 509.648471 86.174156 
L 507.71678 84.372822 
L 505.664136 82.710625 
L 503.500547 81.195661 
L 501.236544 79.835315 
L 498.88317 78.636207 
L 496.451878 77.604187 
L 493.95452 76.744278 
L 491.403261 76.06067 
L 488.810531 75.556694 
L 486.188961 75.234806 
L 483.551325 75.096573 
L 480.910468 75.142671 
L 478.279263 75.372869 
L 475.670524 75.786053 
L 473.096961 76.380207 
L 470.571114 77.152436 
L 468.105288 78.098978 
L 465.711495 79.215223 
L 463.4014 80.495729 
L 461.186255 81.934262 
L 459.076854 83.523808 
L 457.083472 85.256629 
L 455.21582 87.124282 
L 453.483 89.117662 
L 451.893451 91.227066 
L 450.454919 93.44221 
L 449.174412 95.752305 
L 448.058168 98.146098 
L 447.111627 100.611924 
L 446.339398 103.13777 
L 445.745244 105.711333 
L 445.33206 108.320072 
L 445.10186 110.951278 
L 445.055763 112.271304 
M 445.05 112.931725 
" clip-path="url(#p915f4c1b02)" style="fill: none; stroke-dasharray: 5.18,2.24; stroke-dashoffset: 0; stroke: #ff725c; stroke-width: 1.4"/>
   </g>
   <g id="patch_7">
    <path d="M 445.05 29.681719 
C 434.11771 29.681719 423.291723 31.835141 413.191604 36.018748 
C 403.091485 40.202354 393.913657 46.334783 386.18336 54.065079 
C 378.453064 61.795375 372.320635 70.973204 368.137029 81.073323 
C 363.953423 91.173442 361.8 101.999429 361.8 112.931719 
C 361.8 123.864009 363.953423 134.689996 368.137029 144.790114 
C 372.320635 154.890233 378.453064 164.068062 386.18336 171.798358 
C 393.913657 179.528655 403.091485 185.661084 413.191604 189.84469 
C 423.291723 194.028296 434.11771 196.181719 445.05 196.181719 
C 455.98229 196.181719 466.808277 194.028296 476.908396 189.84469 
C 487.008515 185.661084 496.186343 179.528655 503.91664 171.798358 
C 511.646936 164.068062 517.779365 154.890233 521.962971 144.790114 
C 526.146577 134.689996 528.3 123.864009 528.3 112.931719 
C 528.3 101.999429 526.146577 91.173442 521.962971 81.073323 
C 517.779365 70.973204 511.646936 61.795375 503.91664 54.065079 
C 496.186343 46.334783 487.008515 40.202354 476.908396 36.018748 
C 466.808277 31.835141 455.98229 29.681719 445.05 29.681719 
" style="fill: none; stroke: #000000; stroke-width: 0.8; stroke-linejoin: miter; stroke-linecap: square"/>
   </g>
   <g id="text_3">
    <!-- Z — up/down (ACN 2) -->
    <g transform="translate(401.891875 14.079531) scale(0.08 -0.08)">
     <defs>
      <path id="DejaVuSans-3d" d="M 359 4666 
L 4025 4666 
L 4025 4184 
L 1075 531 
L 4097 531 
L 4097 0 
L 288 0 
L 288 481 
L 3238 4134 
L 359 4134 
L 359 4666 
z
" transform="scale(0.015625)"/>
      <path id="DejaVuSans-47" d="M 2906 2969 
L 2906 4863 
L 3481 4863 
L 3481 0 
L 2906 0 
L 2906 525 
Q 2725 213 2448 61 
Q 2172 -91 1784 -91 
Q 1150 -91 751 415 
Q 353 922 353 1747 
Q 353 2572 751 3078 
Q 1150 3584 1784 3584 
Q 2172 3584 2448 3432 
Q 2725 3281 2906 2969 
z
M 947 1747 
Q 947 1113 1208 752 
Q 1469 391 1925 391 
Q 2381 391 2643 752 
Q 2906 1113 2906 1747 
Q 2906 2381 2643 2742 
Q 2381 3103 1925 3103 
Q 1469 3103 1208 2742 
Q 947 2381 947 1747 
z
" transform="scale(0.015625)"/>
      <path id="DejaVuSans-5a" d="M 269 3500 
L 844 3500 
L 1563 769 
L 2278 3500 
L 2956 3500 
L 3675 769 
L 4391 3500 
L 4966 3500 
L 4050 0 
L 3372 0 
L 2619 2869 
L 1863 0 
L 1184 0 
L 269 3500 
z
" transform="scale(0.015625)"/>
      <path id="DejaVuSans-15" d="M 1228 531 
L 3431 531 
L 3431 0 
L 469 0 
L 469 531 
Q 828 903 1448 1529 
Q 2069 2156 2228 2338 
Q 2531 2678 2651 2914 
Q 2772 3150 2772 3378 
Q 2772 3750 2511 3984 
Q 2250 4219 1831 4219 
Q 1534 4219 1204 4116 
Q 875 4013 500 3803 
L 500 4441 
Q 881 4594 1212 4672 
Q 1544 4750 1819 4750 
Q 2544 4750 2975 4387 
Q 3406 4025 3406 3419 
Q 3406 3131 3298 2873 
Q 3191 2616 2906 2266 
Q 2828 2175 2409 1742 
Q 1991 1309 1228 531 
z
" transform="scale(0.015625)"/>
     </defs>
     <use xlink:href="#DejaVuSans-3d"/>
     <use xlink:href="#DejaVuSans-3" transform="translate(68.5 0)"/>
     <use xlink:href="#DejaVuSans-af6" transform="translate(100.28125 0)"/>
     <use xlink:href="#DejaVuSans-3" transform="translate(200.28125 0)"/>
     <use xlink:href="#DejaVuSans-58" transform="translate(232.0625 0)"/>
     <use xlink:href="#DejaVuSans-53" transform="translate(295.4375 0)"/>
     <use xlink:href="#DejaVuSans-12" transform="translate(358.921875 0)"/>
     <use xlink:href="#DejaVuSans-47" transform="translate(392.609375 0)"/>
     <use xlink:href="#DejaVuSans-52" transform="translate(456.09375 0)"/>
     <use xlink:href="#DejaVuSans-5a" transform="translate(517.28125 0)"/>
     <use xlink:href="#DejaVuSans-51" transform="translate(599.0625 0)"/>
     <use xlink:href="#DejaVuSans-3" transform="translate(662.4375 0)"/>
     <use xlink:href="#DejaVuSans-b" transform="translate(694.21875 0)"/>
     <use xlink:href="#DejaVuSans-24" transform="translate(733.234375 0)"/>
     <use xlink:href="#DejaVuSans-26" transform="translate(799.890625 0)"/>
     <use xlink:href="#DejaVuSans-31" transform="translate(869.71875 0)"/>
     <use xlink:href="#DejaVuSans-3" transform="translate(944.53125 0)"/>
     <use xlink:href="#DejaVuSans-15" transform="translate(976.3125 0)"/>
     <use xlink:href="#DejaVuSans-c" transform="translate(1039.9375 0)"/>
    </g>
    <!-- vertical slice, up = up -->
    <g transform="translate(401.311875 23.681719) scale(0.08 -0.08)">
     <defs>
      <path id="DejaVuSans-59" d="M 191 3500 
L 800 3500 
L 1894 563 
L 2988 3500 
L 3597 3500 
L 2284 0 
L 1503 0 
L 191 3500 
z
" transform="scale(0.015625)"/>
      <path id="DejaVuSans-46" d="M 3122 3366 
L 3122 2828 
Q 2878 2963 2633 3030 
Q 2388 3097 2138 3097 
Q 1578 3097 1268 2742 
Q 959 2388 959 1747 
Q 959 1106 1268 751 
Q 1578 397 2138 397 
Q 2388 397 2633 464 
Q 2878 531 3122 666 
L 3122 134 
Q 2881 22 2623 -34 
Q 2366 -91 2075 -91 
Q 1284 -91 818 406 
Q 353 903 353 1747 
Q 353 2603 823 3093 
Q 1294 3584 2113 3584 
Q 2378 3584 2631 3529 
Q 2884 3475 3122 3366 
z
" transform="scale(0.015625)"/>
      <path id="DejaVuSans-44" d="M 2194 1759 
Q 1497 1759 1228 1600 
Q 959 1441 959 1056 
Q 959 750 1161 570 
Q 1363 391 1709 391 
